0.0607954
0.061622
0.0614604
0.0606312
0.0604203
0.0591052
0.0567335
0.0614884
0.0592479
0.0563231
0.0533499
0.0516891
0.0504968
0.0406733
0.041143
0.0413666
0.041629
0.0419086
0.0427028
0.0452669
0.0458334
0.0443123
0.0412978
0.0378915
0.0451676
0.0443702
0.0426445
0.0397009
0.036349
0.0337386
0.0397875
0.0402262
0.0406141
0.0409246
0.0414947
0.0426152
0.0448112
0.0859674
0.0901503
0.0928065
0.0947952
0.101551
0.103406
0.105059
0.106618
0.108019
0.111289
0.114331
0.115626
0.116677
0.117215
0.117722
0.118604
0.119823
0.120235
0.121517
0.12324
0.125234
0.126473
0.126073
0.127164
0.128662
0.130746
0.133683
0.137437
0.139195
0.140983
0.14246
0.142777
0.142381
0.141811
0.136565
0.134467
0.134956
0.136542
0.138118
0.139274
0.136545
0.135869
0.136649
0.138152
0.13973
0.140758
0.138268
0.136378
0.133254
0.128696
0.123206
0.117825
0.111342
0.108095
0.105851
0.103995
0.102538
0.100903
0.100795
0.100911
0.10107
0.101752
0.103155
0.104932
0.105379
0.106209
0.106914
0.10758
0.10826
0.107156
0.108009
0.106586
0.10466
0.102936
0.101499
0.100174
0.09989
0.0983832
0.0975004
0.0976544
0.0983641
0.100984
0.102544
0.103161
0.103588
0.103581
0.102279
0.100579
0.097812
0.0949352
0.0927833
0.091699
0.0914221
0.0914254
0.0933399
0.0942785
0.0945819
0.0941298
0.0928811
0.0913198
0.0915178
0.0906569
0.0890607
0.0871399
0.0856141
0.0847579
0.0873399
0.087821
0.0875905
0.0876123
0.0880203
0.0875071
0.0860869
0.0819658
0.0774882
0.0739083
0.0714102
0.0681848
0.0673022
0.0672753
0.067109
0.0661871
0.0648625
0.0634611
0.0602043
0.0573156
0.0535854
0.0492626
0.0451586
0.0417409
0.0368058
0.0347058
0.0356103
0.0397268
0.045538
0.0522573
0.0600786
0.0689965
0.0784099
0.0885065
0.0997498
0.11243
0.123044
0.132564
0.139768
0.145161
0.148668
0.150077
0.149072
0.148904
0.14905
0.148857
0.148259
0.146642
0.145969
0.145786
0.146194
0.147432
0.149653
0.151723
0.155517
0.158173
0.159955
0.161515
0.163419
0.164922
0.170336
0.173442
0.174774
0.175138
0.175544
0.174599
0.174484
0.171644
0.168683
0.16712
0.167333
0.169644
0.173214
0.178625
0.184297
0.189101
0.192231
0.193846
0.194226
0.192433
0.189366
0.185005
0.179435
0.173676
0.167851
0.16158
0.15402
0.144026
0.131157
0.116413
0.100142
0.0842063
0.0700491
0.0589451
0.0503091
0.0433677
0.0393588
0.038761
0.0419016
0.046614
0.0503985
0.0525501
0.0542178
0.0554533
0.0543018
0.0503811
0.0458356
0.0414714
0.0374718
0.0337606
0.0301143
0.0277462
0.0278283
0.0285998
0.0299258
0.0305572
0.0300981
0.0295701
0.0301674
0.0328481
0.0374878
0.0412414
0.0440415
0.0465662
0.0496271
0.0542158
0.0592261
0.0633435
0.0671703
0.0707387
0.074032
0.0770992
0.0813904
0.0855391
0.0894757
0.0929166
0.0948792
0.0960452
0.0960919
0.0952435
0.0943971
0.09326
0.0912428
0.0892812
0.0872932
0.0851567
0.0819984
0.0764408
0.0684516
0.0600759
0.0529553
0.0478867
0.04556
0.0453234
0.0458071
0.046329
0.047382
0.0478829
0.0483136
0.0485472
0.0488172
0.0498782
0.0525593
0.0546151
0.0555451
0.0556597
0.0550436
0.0544308
0.052934
0.0510382
0.0494459
0.0491433
0.0504063
0.0524624
0.0537196
0.0546939
0.0558531
0.0562322
0.0548442
0.0522898
0.0498014
0.0484601
0.0480463
0.0468061
0.0435764
0.0397232
0.0356325
0.0319977
0.0278958
0.0239392
0.021296
0.0203158
0.0203277
0.0213396
0.0237273
0.0268832
0.0293923
0.0306572
0.0315005
0.0320144
0.0327117
0.0330898
0.0329492
0.0330634
0.0343964
0.0366669
0.0397622
0.0434269
0.0478241
0.052201
0.0566164
0.0596458
0.0612407
0.061935
0.0625993
0.0637786
0.0665201
0.0676663
0.0669594
0.0654807
0.0647186
0.065075
0.0672638
0.0708677
0.0769119
0.0840564
0.0897901
0.0947778
0.10013
0.106558
0.11321
0.118549
0.122678
0.126282
0.128899
0.130153
0.130205
0.129766
0.129017
0.128041
0.126792
0.126923
0.128665
0.131178
0.133414
0.135234
0.137089
0.138888
0.140169
0.141813
0.144276
0.147469
0.150635
0.154024
0.157792
0.162144
0.166902
0.171579
0.176009
0.180048
0.183848
0.187652
0.191362
0.194969
0.198279
0.201614
0.204742
0.207483
0.209818
0.210912
0.211077
0.210155
0.208507
0.207036
0.206679
0.206783
0.206534
0.204311
0.200087
0.195122
0.190501
0.186041
0.18102
0.175317
0.169454
0.163165
0.155035
0.145179
0.13586
0.128754
0.124131
0.119973
0.115614
0.112245
0.109579
0.106709
0.10403
0.104034
0.107443
0.112628
0.117595
0.122806
0.128677
0.136226
0.144197
0.151571
0.158836
0.166436
0.17462
0.183212
0.191542
0.199754
0.207916
0.217385
0.227584
0.237431
0.246358
0.254222
0.261371
0.267743
0.273402
0.278546
0.28305
0.287029
0.290388
0.293164
0.294305
0.29368
0.292013
0.289862
0.287968
0.285659
0.282498
0.278934
0.275814
0.273143
0.27001
0.26511
0.257968
0.249258
0.240055
0.231082
0.221957
0.211934
0.200636
0.188592
0.176313
0.164279
0.15283
0.142192
0.132285
0.122639
0.112611
0.102638
0.0927369
0.0835054
0.074935
0.0666462
0.0585419
0.0511662
0.0448543
0.0390994
0.034108
0.029978
0.0274768
0.0270423
0.0278089
0.0281649
0.0269666
0.0245111
0.0221871
0.0204966
0.0190766
0.0168778
0.0140265
0.0116286
0.0107881
0.0111722
0.0115381
0.0116546
0.0123456
0.0138711
0.0152818
0.0168643
0.0188302
0.0208002
0.0219398
0.0211544
0.0184592
0.0147848
0.0112882
0.00961358
0.0101051
0.0115871
0.0124861
0.0123858
0.0116004
0.0119033
0.0134335
0.0159623
0.0187849
0.0213069
0.0232483
0.0244862
0.0254681
0.0266668
0.0284396
0.0303271
0.0320111
0.0328596
0.033031
0.0333063
0.0339605
0.034452
0.0346621
0.0344024
0.0340721
0.0340387
0.0340999
0.0338931
0.0329712
0.0322321
0.0322696
0.0328695
0.0333095
0.0342141
0.0370884
0.0404378
0.0430063
0.0435241
0.0418156
0.0385497
0.0345786
0.0309515
0.0283411
0.0267356
0.0257385
0.0254193
0.0257375
0.0264508
0.027007
0.0268382
0.026371
0.0265685
0.0278267
0.0294518
0.0304119
0.0298746
0.0282654
0.0263926
0.0246885
0.0233248
0.0226255
0.0227523
0.0234513
0.0244062
0.0265829
0.0309435
0.0364193
0.0407442
0.0425877
0.0414686
0.0385265
0.0352133
0.0328419
0.0320006
0.032432
0.033552
0.0344608
0.0348513
0.034666
0.0340504
0.0332847
0.0326494
0.0326001
0.0330107
0.0336404
0.0341886
0.0346986
0.0347143
0.0341609
0.0328992
0.0312076
0.02993
0.0293558
0.0277724
0.0254388
0.0247559
0.0258764
0.0268187
0.0262301
0.024527
0.0249459
0.0301671
0.0395753
0.0522914
0.0672255
0.0819885
0.0953775
0.106676
0.116193
0.124903
0.132775
0.139092
0.144224
0.148152
0.150972
0.153108
0.155086
0.157292
0.160099
0.164058
0.16966
0.176605
0.184805
0.193849
0.200445
0.202468
0.201884
0.201934
0.204578
0.210008
0.218275
0.228945
0.239773
0.250207
0.260636
0.271649
0.280913
0.285676
0.28568
0.282354
0.277823
0.274709
0.273815
0.273252
0.271875
0.270417
0.270228
0.272033
0.274529
0.277435
0.280158
0.283051
0.286015
0.288473
0.291303
0.296993
0.305824
0.31567
0.323947
0.330035
0.333318
0.33549
0.336475
0.336996
0.338752
0.343511
0.352011
0.3631
0.376169
0.389616
0.402431
0.413926
0.425639
0.438109
0.451896
0.466366
0.480424
0.494435
0.508688
0.524253
0.542076
0.561974
0.582497
0.601909
0.620104
0.637007
0.653247
0.669266
0.684334
0.69836
0.711756
0.724334
0.735716
0.74591
0.755522
0.765053
0.773151
0.778709
0.781388
0.781091
0.778097
0.772319
0.764468
0.754589
0.741789
0.725851
0.707305
0.686736
0.664744
0.641276
0.616093
0.589608
0.562617
0.534572
0.50629
0.478034
0.450156
0.42289
0.396088
0.368581
0.341182
0.314077
0.28789
0.26336
0.241423
0.223166
0.2092
0.198026
0.190452
0.188028
0.19178
0.199926
0.212028
0.227506
0.245587
0.26509
0.284714
0.303771
0.322602
0.341736
0.361673
0.382318
0.403187
0.423099
0.442209
0.459988
0.476575
0.491731
0.504852
0.515221
0.523054
0.528255
0.530789
0.530926
0.529176
0.526215
0.523596
0.520578
0.517223
0.513535
0.509451
0.504506
0.498648
0.491531
0.482734
0.471951
0.459125
0.444484
0.428308
0.411375
0.39435
0.378288
0.364836
0.353875
0.344465
0.33431
0.319831
0.309713
0.301575
0.292539
0.282558
0.273245
0.266601
0.263428
0.262582
0.262246
0.263133
0.264094
0.264365
0.26425
0.264231
0.263711
0.262428
0.260257
0.258354
0.257723
0.258076
0.257551
0.257638
0.257494
0.257439
0.258589
0.26192
0.265407
0.268542
0.271071
0.273964
0.277264
0.280304
0.281766
0.281998
0.280776
0.278071
0.273788
0.268042
0.261392
0.254867
0.248361
0.241898
0.235747
0.230417
0.225677
0.221403
0.216571
0.211283
0.205975
0.200923
0.195396
0.189029
0.182091
0.175537
0.170587
0.168141
0.168372
0.170268
0.172377
0.172948
0.177239
0.182777
0.187121
0.189535
0.19212
0.19765
0.206338
0.216507
0.225186
0.232378
0.239009
0.246731
0.25542
0.26354
0.268994
0.271611
0.27228
0.273012
0.274152
0.274719
0.273835
0.272233
0.269755
0.266674
0.263001
0.259143
0.254668
0.250246
0.245397
0.24051
0.23649
0.233625
0.231074
0.229049
0.227879
0.227685
0.228216
0.22878
0.228904
0.229052
0.229894
0.232149
0.235477
0.239283
0.241308
0.24182
0.240351
0.237324
0.23294
0.227678
0.221421
0.215484
0.210188
0.205695
0.201611
0.197269
0.192368
0.187896
0.184045
0.180876
0.1777
0.174399
0.171332
0.169181
0.167461
0.165693
0.164184
0.16335
0.163861
0.166105
0.16938
0.172943
0.176368
0.179429
0.182387
0.18569
0.189332
0.193219
0.196934
0.200346
0.203832
0.207098
0.21011
0.212671
0.21496
0.217375
0.219878
0.222533
0.224956
0.226666
0.227575
0.227891
0.227883
0.228338
0.229286
0.230642
0.23247
0.234699
0.236496
0.237836
0.238312
0.237892
0.236715
0.234277
0.230459
0.225525
0.220451
0.215895
0.211688
0.207724
0.204474
0.201578
0.198294
0.193973
0.188584
0.182635
0.176743
0.171062
0.165555
0.159982
0.154369
0.148896
0.144297
0.140168
0.136054
0.132022
0.128219
0.125055
