0.144857
0.145557
0.132408
0.129073
0.126473
0.124267
0.124934
0.112186
0.109102
0.106316
0.103745
0.101226
0.098201
0.0959364
0.0938274
0.0902202
0.0842532
0.0774679
0.0703214
0.0672013
0.0617086
0.0582938
0.0536984
0.0501986
0.0479484
0.0464643
0.0471769
0.0451845
0.0438877
0.0409527
0.0365266
0.0349589
0.0346699
0.0348246
0.0341258
0.0332628
0.0333502
0.137887
0.143752
0.148193
0.150667
0.154451
0.157301
0.162693
0.165901
0.165176
0.164673
0.165039
0.166999
0.160928
0.160937
0.159631
0.157033
0.156429
0.145404
0.143689
0.140968
0.139357
0.138584
0.138069
0.137174
0.136054
0.134675
0.131964
0.131664
0.128534
0.12678
0.125354
0.123247
0.117211
0.115571
0.112487
0.110923
0.107949
0.105216
0.101662
0.101044
0.0965783
0.0952298
0.0932547
0.0899917
0.0861307
0.0824416
0.0780126
0.0721879
0.0652018
0.05747
0.048779
0.0441
0.0407695
0.0390964
0.0384438
0.0389045
0.0401904
0.0435913
0.043269
0.0463219
0.0469681
0.0504563
0.0527328
0.0509721
0.049932
0.047993
0.046547
0.0461001
0.0464022
0.0445085
0.0444433
0.0461237
0.0488144
0.0549138
0.0584048
0.0628051
0.0671249
0.0705358
0.0744756
0.0783793
0.0834718
0.0880349
0.0912866
0.0924784
0.09233
0.0916796
0.0890248
0.0877772
0.0831127
0.078431
0.074134
0.069737
0.0608394
0.0609113
0.0624847
0.0634379
0.0645887
0.066748
0.0690694
0.0704705
0.0708683
0.0717134
0.0709112
0.0691426
0.0675419
0.0656959
0.0637648
0.0613194
0.0583485
0.0552125
0.0531637
0.0509815
0.0497055
0.0485766
0.0475392
0.0462404
0.0449513
0.040688
0.0422458
0.0404939
0.0386054
0.0361365
0.0345347
0.0352884
0.0331584
0.0318703
0.0310184
0.0315839
0.0325442
0.0331156
0.0304077
0.0302391
0.028486
0.0254072
0.0206001
0.0159997
0.0114202
0.011854
0.0151562
0.0181281
0.0236877
0.0280297
0.0306536
0.0351755
0.0390841
0.0415391
0.0437607
0.043083
0.0421348
0.0414136
0.0422559
0.0444025
0.0478686
0.0507608
0.0534875
0.0541929
0.0554132
0.0565753
0.057977
0.0596484
0.0617908
0.0655409
0.0677752
0.0705322
0.073722
0.0757852
0.078037
0.0800842
0.0822172
0.0838137
0.0855133
0.0871689
0.0893387
0.090816
0.0910595
0.0912937
0.0922067
0.0934175
0.0951519
0.0967384
0.0981423
0.0996248
0.101093
0.102737
0.103929
0.105296
0.10725
0.110308
0.114148
0.117691
0.121727
0.123495
0.123424
0.122578
0.121734
0.121834
0.123354
0.124158
0.12614
0.128594
0.130552
0.13101
0.131288
0.132097
0.13393
0.135417
0.136197
0.136338
0.134823
0.131159
0.126743
0.120955
0.114659
0.110181
0.107861
0.105861
0.103651
0.101925
0.101121
0.100713
0.100595
0.100953
0.101462
0.102783
0.103868
0.104917
0.105701
0.106719
0.107462
0.108025
0.107382
0.105391
0.102954
0.101222
0.0975593
0.0958261
0.0971575
0.0953551
0.0933383
0.0930991
0.0930211
0.0944446
0.0954601
0.0949582
0.0950129
0.0944454
0.093676
0.0908704
0.0869264
0.0816795
0.0760864
0.0736393
0.0748331
0.076961
0.0784272
0.0761648
0.076453
0.0771789
0.0773155
0.0771729
0.0762916
0.0745634
0.0716625
0.0699452
0.0668876
0.0665771
0.065327
0.0631984
0.0619213
0.0608803
0.0584088
0.0559968
0.0540363
0.0512722
0.0460514
0.0412807
0.0369101
0.0362572
0.036514
0.0383307
0.0388905
0.0382234
0.0376565
0.0363243
0.0351131
0.0329288
0.0296304
0.0245985
0.0192026
0.0154121
0.0144107
0.0117487
0.0146952
0.0205847
0.0280044
0.034655
0.0486394
0.0599931
0.0696181
0.0827829
0.0953546
0.107773
0.113948
0.132176
0.140166
0.146466
0.150403
0.15158
0.151597
0.149682
0.148191
0.148418
0.149405
0.151507
0.151047
0.148585
0.149165
0.151088
0.153834
0.158221
0.161006
0.164848
0.165535
0.1682
0.170242
0.171795
0.1747
0.176918
0.178279
0.177934
0.176866
0.174857
0.17386
0.171823
0.168318
0.16621
0.165537
0.167926
0.17232
0.178106
0.183924
0.190546
0.194797
0.198352
0.199101
0.197453
0.195349
0.191774
0.187672
0.18249
0.176117
0.169968
0.163141
0.154775
0.142827
0.130531
0.113658
0.0966259
0.0835812
0.0678882
0.0570285
0.049421
0.0531852
0.0399254
0.0421172
0.0415675
0.041822
0.041926
0.0413474
0.0418249
0.0417282
0.0400458
0.0352423
0.0301882
0.0256119
0.0231438
0.0210569
0.020955
0.0243082
0.0293492
0.0330562
0.0361977
0.0369877
0.0372345
0.03869
0.0440419
0.0461088
0.0499476
0.0534619
0.0562267
0.05873
0.0618192
0.0688451
0.0718444
0.073412
0.0780017
0.0804936
0.0840994
0.08691
0.0903506
0.0949623
0.0996745
0.10152
0.103855
0.103897
0.102884
0.102237
0.102907
0.101703
0.0995913
0.0963387
0.092661
0.0925989
0.0878621
0.0802926
0.0717199
0.0631364
0.0564117
0.0523708
0.0500082
0.0493547
0.0477484
0.0475111
0.0481784
0.0478415
0.0489434
0.0482475
0.0488322
0.0504775
0.0526113
0.0559152
0.0573083
0.0568787
0.0572664
0.0533801
0.0493576
0.048052
0.0470079
0.0468678
0.0483753
0.0504671
0.0511793
0.051694
0.0551492
0.0543199
0.049143
0.0466195
0.0447635
0.043528
0.0384345
0.0378668
0.0317016
0.0270225
0.0251923
0.0230899
0.0203773
0.0188796
0.0178727
0.0189892
0.0209816
0.0241907
0.0287623
0.0323702
0.0347667
0.0360634
0.0372103
0.0385939
0.0408787
0.0413547
0.0416593
0.0417888
0.042415
0.0473363
0.0504831
0.0548284
0.0585846
0.0638108
0.0683815
0.0711913
0.0723379
0.0718111
0.0710259
0.0727788
0.0749918
0.0758881
0.0741752
0.0731051
0.0733368
0.0739201
0.0764152
0.0801075
0.0875115
0.0946827
0.102164
0.103317
0.108366
0.114975
0.121854
0.126307
0.129437
0.133544
0.135163
0.134922
0.135138
0.134576
0.133678
0.132056
0.131128
0.131022
0.130042
0.132941
0.133259
0.136101
0.13884
0.140617
0.141821
0.143028
0.146166
0.149267
0.152748
0.155979
0.158976
0.163552
0.168969
0.173828
0.177162
0.181255
0.185639
0.187955
0.191752
0.19637
0.199615
0.202623
0.206099
0.209698
0.207405
0.211872
0.210556
0.208966
0.207718
0.206918
0.206392
0.207572
0.208128
0.205986
0.199808
0.190086
0.184051
0.18132
0.171307
0.165391
0.157506
0.150667
0.142943
0.134004
0.125425
0.120651
0.115577
0.112309
0.107866
0.105839
0.103658
0.101327
0.0994517
0.103154
0.107953
0.113356
0.118039
0.123251
0.130033
0.138155
0.145961
0.152959
0.160797
0.169581
0.180808
0.191006
0.197659
0.207041
0.21668
0.224974
0.235225
0.245199
0.253637
0.260886
0.266795
0.273233
0.278839
0.2835
0.288166
0.293042
0.296502
0.298631
0.29909
0.298385
0.293531
0.295186
0.291485
0.288945
0.285776
0.283063
0.280985
0.277215
0.274746
0.269304
0.260885
0.247424
0.237043
0.227444
0.219209
0.208968
0.193616
0.179181
0.165989
0.156957
0.146076
0.13567
0.125132
0.116177
0.10603
0.0962248
0.0871355
0.0800444
0.0700088
0.0656417
0.060121
0.053331
0.0467882
0.0415044
0.0342104
0.0271189
0.0245085
0.0239154
0.0251439
0.0241468
0.02289
0.0189298
0.0184076
0.0140797
0.0152105
0.0109091
0.00873518
0.008577
0.0106516
0.0128327
0.0109329
0.0125433
0.0134723
0.0152914
0.0157513
0.0163596
0.0161418
0.0176958
0.0184095
0.0164776
0.0127437
0.0115215
0.0103313
0.00875136
0.00816026
0.0107955
0.0118701
0.0099482
0.0102275
0.0120122
0.0125086
0.0145771
0.0167007
0.0206168
0.0216584
0.0242314
0.0251334
0.0287894
0.0334556
0.0332685
0.0345293
0.0350105
0.031649
0.0319192
0.0322826
0.0344467
0.0363368
0.033878
0.0340596
0.0358463
0.0343687
0.0331551
0.0321413
0.0340037
0.0363584
0.0402677
0.0426786
0.0396171
0.0399503
0.0429624
0.0421583
0.0407163
0.0358452
0.0342947
0.0282332
0.0267321
0.0263493
0.0233603
0.0230803
0.024257
0.0261934
0.0272762
0.0280841
0.0281373
0.0276182
0.0281891
0.0285265
0.0293868
0.0299711
0.0287545
0.0268727
0.0247818
0.0232576
0.0221986
0.0233159
0.0212174
0.02294
0.0244206
0.0254444
0.0331157
0.0380538
0.0414431
0.0382708
0.0375673
0.0350114
0.0320537
0.0313455
0.0313329
0.03084
0.0314816
0.0318836
0.0317349
0.0359468
0.0351948
0.0379779
0.034764
0.0314018
0.0331252
0.0332176
0.032962
0.0333194
0.0341867
0.033926
0.0319869
0.0309195
0.0271445
0.026411
0.0268403
0.0242816
0.023549
0.0248741
0.0229877
0.0221196
0.0203162
0.0219554
0.0297319
0.0409295
0.0566178
0.0702387
0.084871
0.09803
0.10901
0.119684
0.128656
0.136222
0.140826
0.145851
0.149589
0.152245
0.154924
0.155949
0.159669
0.162871
0.167206
0.173798
0.17953
0.186955
0.192391
0.195695
0.197323
0.193052
0.193739
0.197906
0.203555
0.212536
0.222067
0.23575
0.245768
0.255945
0.26559
0.271973
0.27347
0.272646
0.268759
0.26133
0.262156
0.260645
0.260071
0.258765
0.257052
0.256057
0.257396
0.26348
0.267126
0.268873
0.275185
0.280241
0.284166
0.288755
0.297025
0.305461
0.315617
0.323867
0.328753
0.332299
0.335111
0.333432
0.333452
0.337818
0.345094
0.356602
0.372661
0.381975
0.397483
0.410345
0.422699
0.434176
0.445757
0.460852
0.475035
0.488818
0.504028
0.518748
0.53616
0.554275
0.573879
0.59347
0.611916
0.628482
0.645791
0.659694
0.675196
0.689419
0.703026
0.715542
0.727185
0.739304
0.748723
0.758756
0.767942
0.774616
0.777172
0.778763
0.776974
0.772637
0.76691
0.756868
0.745138
0.730234
0.713482
0.691597
0.671125
0.649664
0.62546
0.600684
0.57093
0.546598
0.514371
0.488728
0.459792
0.43104
0.40285
0.375652
0.34755
0.321424
0.291342
0.264454
0.240821
0.218974
0.20255
0.190623
0.183275
0.179863
0.181905
0.190585
0.210478
0.227058
0.242601
0.264067
0.282948
0.303232
0.324607
0.342196
0.356721
0.376374
0.395756
0.416609
0.436436
0.454837
0.474108
0.491097
0.504899
0.516906
0.526784
0.532566
0.535337
0.536203
0.53486
0.532644
0.530299
0.527896
0.523709
0.517957
0.513814
0.509317
0.503322
0.496671
0.488688
0.478255
0.469147
0.451991
0.438299
0.418493
0.401006
0.385048
0.366952
0.358942
0.346251
0.337262
0.326232
0.313422
0.30071
0.290462
0.279359
0.269105
0.25601
0.248671
0.245753
0.244151
0.243567
0.245079
0.244397
0.245141
0.247377
0.247219
0.258602
0.256804
0.258265
0.255111
0.256726
0.255308
0.254706
0.255534
0.2548
0.25681
0.25679
0.261799
0.265231
