0.052128
0.050445
0.0487616
0.0482342
0.0468344
0.045523
0.0415976
0.0410385
0.041778
0.0395471
0.0374487
0.0354783
0.033865
0.0344072
0.0322036
0.0314198
0.0316724
0.0320273
0.0326225
0.0307221
0.0304368
0.029044
0.0264943
0.0234196
0.0170226
0.0132853
0.0112582
0.0134012
0.0166035
0.0213747
0.0263908
0.0288386
0.0329084
0.036998
0.0400198
0.042418
0.0441581
0.0618053
0.0669153
0.0697131
0.0719641
0.0750592
0.0757815
0.0781296
0.0810182
0.0829532
0.0846459
0.0868949
0.0881188
0.0902428
0.0908361
0.0909465
0.0915083
0.0925421
0.0943247
0.0958494
0.0975873
0.0986705
0.100482
0.102066
0.10345
0.104482
0.106375
0.108708
0.111944
0.115997
0.120007
0.122714
0.123889
0.12315
0.122051
0.122235
0.122701
0.123351
0.125123
0.127161
0.130614
0.130396
0.131001
0.131508
0.132843
0.134767
0.136124
0.136408
0.136121
0.133164
0.128791
0.124012
0.117125
0.112211
0.108867
0.107096
0.103732
0.102806
0.10175
0.100985
0.100586
0.100614
0.101049
0.101874
0.103227
0.104225
0.105556
0.106208
0.107392
0.107886
0.107829
0.106864
0.104355
0.101613
0.0985107
0.0966122
0.0947362
0.0967038
0.0946602
0.0927533
0.0930551
0.0936163
0.0949328
0.0951378
0.0949027
0.0947696
0.0940235
0.0926989
0.0893642
0.0844088
0.0785106
0.0746339
0.0749245
0.0754169
0.0775495
0.0752983
0.0762523
0.0772626
0.0773741
0.0771054
0.0761323
0.0756444
0.0737433
0.0709975
0.0681306
0.0668114
0.0654705
0.0641661
0.0627512
0.061719
0.0608838
0.0573358
0.0554657
0.0558631
0.0483698
0.0441508
0.0390963
0.0357017
0.0356878
0.0373836
0.0387544
0.0383422
0.0380256
0.0367877
0.0359245
0.0338935
0.0313374
0.0275558
0.0219631
0.0167136
0.0145909
0.0129332
0.0131288
0.0155797
0.0230782
0.0311922
0.0384865
0.0548612
0.0653009
0.0748887
0.0873085
0.101391
0.114304
0.119679
0.136854
0.143142
0.150194
0.151268
0.152125
0.150462
0.148303
0.147896
0.149739
0.150107
0.15151
0.148049
0.148863
0.150036
0.152193
0.155603
0.159831
0.163198
0.166115
0.167132
0.16896
0.171043
0.172807
0.175608
0.178483
0.178555
0.177761
0.17559
0.174177
0.175458
0.169833
0.167187
0.16541
0.166035
0.169852
0.175006
0.180136
0.187363
0.191624
0.197016
0.198887
0.198455
0.196824
0.193808
0.190746
0.18517
0.179771
0.172945
0.166445
0.159779
0.149853
0.137662
0.123392
0.105661
0.0892886
0.0769646
0.0659132
0.0532958
0.0465081
0.0504919
0.0397543
0.0439108
0.0406465
0.0420668
0.0417285
0.0410877
0.0418692
0.0412315
0.0377966
0.032644
0.0279993
0.0245872
0.0219165
0.0205764
0.0218454
0.0267616
0.0318376
0.0350367
0.0371154
0.036397
0.0378252
0.0414425
0.0429136
0.0477072
0.0517724
0.0543836
0.0571788
0.0600958
0.0665383
0.0694126
0.0732717
0.0758635
0.0795983
0.0822554
0.0854443
0.0886457
0.0921455
0.0972896
0.0987431
0.103246
0.104051
0.103653
0.102679
0.102353
0.102663
0.10067
0.0984181
0.0956187
0.0931755
0.0909324
0.0850317
0.0759143
0.0672878
0.0593037
0.0545263
0.0484889
0.049127
0.0484361
0.0474676
0.0477624
0.0480696
0.0477694
0.0481861
0.0482939
0.0497304
0.0517493
0.0538243
0.056637
0.0568234
0.0568232
0.0578321
0.0500439
0.0489217
0.0472141
0.0469927
0.0475406
0.0494851
0.0508292
0.0516374
0.0551088
0.0555595
0.0509841
0.0494157
0.0456503
0.0440548
0.0372612
0.0390756
0.0336528
0.0278797
0.026777
0.0238638
0.0218891
0.0193294
0.0181202
0.01828
0.0198766
0.0225275
0.0262069
0.0302316
0.0335857
0.0357542
0.0369512
0.0380523
0.0391908
0.0411164
0.0414267
0.0415968
0.0430759
0.0455029
0.0493036
0.0522746
0.0561895
0.0613627
0.0661007
0.0703531
0.0688784
0.07147
0.071648
0.0715282
0.0738356
0.0756634
0.0743936
0.0732562
0.0726512
0.073694
0.0749715
0.0781985
0.0839431
0.0911951
0.0979327
0.105804
0.10555
0.11134
0.118424
0.123746
0.128303
0.131605
0.134327
0.135472
0.135286
0.135016
0.133901
0.133039
0.131423
0.130708
0.127165
0.131558
0.131894
0.134759
0.137894
0.13995
0.141296
0.14226
0.144501
0.147222
0.15001
0.153758
0.157374
0.161404
0.165004
0.17138
0.175602
0.179457
0.18317
0.186675
0.189779
0.194655
0.197946
0.20112
0.204166
0.209256
0.206702
0.211616
0.211633
0.210949
0.208165
0.207067
0.206445
0.206816
0.20888
0.207476
0.202345
0.193062
0.187634
0.183891
0.175585
0.168605
0.162432
0.153891
0.14732
0.138564
0.129761
0.121616
0.11803
0.114223
0.10995
0.106741
0.104248
0.102153
0.0992076
0.101939
0.104629
0.110542
0.115716
0.119987
0.126114
0.13377
0.141631
0.149342
0.156937
0.164669
0.176195
0.185679
0.194844
0.201593
0.21068
0.221216
0.230098
0.240635
0.247927
0.256919
0.264208
0.270528
0.276848
0.281234
0.285927
0.291033
0.294503
0.2978
0.298968
0.300317
0.294561
0.295588
0.294063
0.290169
0.287397
0.28401
0.281532
0.279098
0.27664
0.272565
0.264918
0.252329
0.242561
0.234864
0.224666
0.214884
0.203095
0.186194
0.173227
0.160696
0.151962
0.140795
0.130947
0.120785
0.11155
0.101245
0.0915429
0.0827437
0.0729
0.0690296
0.064433
0.056396
0.0499244
0.0435203
0.0377011
0.0300559
0.0259231
0.0245241
0.0238902
0.024467
0.0235773
0.0217262
0.0182829
0.0168635
0.0130711
0.0130304
0.00920664
0.00872289
0.00873504
0.0117923
0.0126963
0.0112371
0.0140766
0.014814
0.0149467
0.0168377
0.0189027
0.0168291
0.018562
0.0190569
0.014528
0.0121549
0.0115971
0.00769507
0.00725804
0.00904366
0.0110942
0.0110762
0.00994001
0.0103172
0.0127876
0.0116504
0.0149624
0.0174457
0.0206067
0.0226484
0.0237296
0.0271276
0.0300065
0.034066
0.0340463
0.0350821
0.0349052
0.0301824
0.0309477
0.0342691
0.0355988
0.0359986
0.0340633
0.0359462
0.0342985
0.033842
0.0327628
0.0321654
0.036076
0.0392925
0.0409096
0.0387669
0.0425573
0.042244
0.0421594
0.0412649
0.0370452
0.037622
0.0323221
0.0277062
0.0274546
0.0260364
0.0231364
0.0230503
0.0250256
0.0251517
0.0275704
0.0282838
0.0282412
0.0277824
0.0293867
0.0289354
0.0300192
0.0284794
0.0275784
0.0249163
0.0239116
0.0228157
0.0234387
0.0220744
0.0215973
0.0233846
0.0252137
0.0284907
0.0365574
0.0380877
0.0390072
0.0390673
0.0365924
0.0339388
0.0320168
0.0312388
0.0317602
0.0311268
0.0316571
0.0317408
0.0318065
0.0375373
0.0364441
0.0326055
0.0329895
0.0316048
0.0331475
0.0330878
0.0332396
0.034033
0.033829
0.0344727
0.0313756
0.0293255
0.0291848
0.028377
0.0250459
0.0230535
0.0238033
0.0222637
0.0230559
0.0214272
0.0201967
0.0249952
0.0348358
0.0472319
0.0636094
0.0771208
0.0918816
0.103371
0.114543
0.124087
0.132618
0.137312
0.143866
0.147864
0.151017
0.153397
0.155059
0.155406
0.160781
0.164685
0.169585
0.177368
0.186024
0.193168
0.195428
0.196
0.19671
0.19464
0.194063
0.199997
0.207716
0.217196
0.230744
0.240518
0.250414
0.261457
0.269669
0.273397
0.273067
0.270455
0.266743
0.263731
0.261167
0.260844
0.259241
0.257426
0.257487
0.255636
0.257842
0.265611
0.268199
0.272501
0.275648
0.280917
0.281509
0.291809
0.30113
0.31159
0.320266
0.326161
0.330063
0.334316
0.334499
0.333743
0.334931
0.340691
0.349495
0.362442
0.377621
0.387816
0.404405
0.415579
0.425483
0.440421
0.452206
0.467284
0.483047
0.496575
0.510793
0.526715
0.544132
0.563634
0.583608
0.604082
0.620658
0.63601
0.653255
0.667308
0.681984
0.695717
0.709197
0.720862
0.733909
0.743724
0.753556
0.763506
0.771489
0.776487
0.778019
0.77714
0.775846
0.769956
0.761752
0.751333
0.738115
0.721619
0.704589
0.682169
0.659247
0.638507
0.613492
0.585621
0.560029
0.52948
0.499582
0.474217
0.446242
0.415313
0.390056
0.361889
0.334441
0.306064
0.278536
0.252027
0.229345
0.210313
0.195956
0.186861
0.181041
0.1819
0.18826
0.196543
0.214812
0.233458
0.251811
0.273013
0.295882
0.314888
0.332656
0.350626
0.365724
0.389049
0.406128
0.42587
0.445148
0.465627
0.481463
0.497391
0.510839
0.521657
0.529682
0.53383
0.536011
0.535778
0.533661
0.531536
0.528296
0.526262
0.519979
0.515289
0.512345
0.507145
0.500734
0.492987
0.483983
0.472658
0.463239
0.446134
0.427793
0.411278
0.393279
0.376455
0.365573
0.351508
0.343826
0.331671
0.320667
0.305483
0.295665
0.285269
0.274202
0.263564
0.252448
0.245307
0.242523
0.244695
0.245796
0.244966
0.244868
0.246104
0.247811
0.248815
0.257586
0.260599
0.25677
0.255256
0.255989
0.257382
0.255961
0.255956
0.254506
0.258848
0.259064
0.263893
0.270466
0.28296
0.27392
0.281229
0.286562
0.289254
0.289758
0.287663
0.285461
0.282132
0.277415
0.271395
0.264446
0.258394
0.250946
0.244277
0.238008
0.232717
0.228053
0.224082
0.212667
0.207831
0.203092
0.195721
0.18863
0.181262
0.173146
0.166311
0.165735
0.164316
0.164483
0.164803
0.166028
0.166691
0.169975
0.174007
0.178001
0.179457
0.183416
0.18636
0.196102
0.205818
0.214624
0.221448
0.226234
0.234396
0.241615
0.250062
0.25719
0.261982
0.260316
0.259913
0.261004
0.26329
0.26098
0.260642
0.257105
0.255548
0.250666
0.248056
0.238297
0.23698
0.232084
0.226882
0.223968
0.222359
0.219907
0.218613
0.216614
0.217388
0.218406
0.219439
0.220082
0.222339
0.224125
0.225909
0.229468
0.2325
0.234944
0.236799
0.234144
0.23175
0.228076
0.228373
0.215993
0.210293
0.205342
0.203172
0.198043
0.193484
0.189087
0.185809
0.182447
0.179391
0.175093
0.172938
0.169962
0.169469
0.166312
0.166079
0.164254
0.163782
0.16468
0.166585
0.170789
0.174077
0.176942
0.180172
0.182774
0.186265
0.189839
0.193789
0.197576
0.200911
0.204045
0.207153
0.209676
0.212304
0.214408
0.216913
0.219268
0.222223
0.224338
0.226266
0.227005
0.22697
0.227457
0.227698
0.22805
0.228894
0.230854
0.235892
0.237876
0.239387
0.239101
0.238519
0.236986
0.234227
0.22959
0.224282
0.219121
0.213088
0.209014
0.201218
0.204977
0.201646
0.198727
0.193426
0.188632
0.182364
0.176913
0.169639
0.16499
0.159351
0.154575
0.148988
0.143641
0.139549
0.135427
0.131461
0.127947
